5
0.000000 0.210000 0.540000 0.000000
1.000000 0.590000 0.230000 1.000000
1.000000 0.690000 0.930000 0.000000
1.000000 0.790000 0.810000 0.000000
0.000000 0.250000 1.000000 0.140000

0.57 0.02 0.44 0.54
0.93 0.01 0.13 0.21
0.80 0.63 0.63 0.67
0.84 0.29 0.60 0.42
0.53 0.74 0.70 0.16
0.09 0.38 0.08 0.99
0.84 0.53 0.45 0.35
0.61 0.71 0.49 0.84
0.73 0.93 0.03 0.32
0.60 0.16 0.53 0.05
0.46 0.82 0.72 0.29
0.11 0.98 0.37 0.64
0.37 0.73 0.46 0.46
0.10 0.21 0.10 0.94
0.40 0.55 0.28 0.67
0.25 0.43 0.50 0.65
0.01 0.20 0.63 0.61
0.36 0.15 0.66 0.48
0.64 0.03 0.77 0.41
0.67 0.80 0.04 0.03
0.52 0.16 0.15 0.29
0.03 0.25 0.22 0.44
0.47 0.17 0.77 0.38
0.26 0.94 0.69 0.28
0.13 0.31 0.55 0.49
0.13 0.21 0.98 0.77
0.91 0.40 0.17 0.58
0.87 0.88 0.27 0.04
0.70 0.43 0.33 0.74
0.34 0.22 0.84 0.47
0.05 0.60 0.86 0.31
0.53 0.54 0.59 0.66
0.52 0.81 0.82 0.65
0.01 0.45 0.41 0.58
0.51 0.24 0.15 0.03
0.78 0.43 0.08 0.47
0.52 0.07 0.87 0.52
0.29 0.70 1.00 0.34
0.97 0.85 0.66 0.49
0.04 0.91 0.82 0.56
0.71 0.29 0.20 0.38
0.40 0.27 0.97 0.57
0.17 0.78 0.61 0.95
0.20 0.35 0.08 0.38
0.42 0.95 0.91 0.72
0.31 0.90 0.72 0.27
0.40 0.03 0.42 0.44
0.95 0.90 0.67 0.31
0.85 0.53 0.36 0.24
0.81 0.32 0.82 0.64
0.76 0.08 0.25 0.63
0.43 0.33 0.00 0.85
0.94 0.91 0.22 0.24
0.46 0.95 0.17 0.52
0.98 0.26 0.63 0.58
0.82 0.29 0.56 0.67
0.82 0.92 0.57 0.28
0.90 0.38 0.59 0.65
0.12 0.84 0.27 0.55
0.83 0.95 0.06 0.76
0.51 0.28 0.67 0.98
0.89 0.50 0.15 0.87
0.76 0.78 0.10 0.24
0.73 0.66 0.91 0.21
0.57 0.47 0.49 0.12
0.52 0.74 0.78 0.64
0.57 0.71 0.86 0.05
0.65 0.92 0.82 0.16
0.19 0.14 0.80 0.75
0.64 0.95 0.61 0.06
0.73 0.37 0.30 0.45
0.70 0.87 0.66 0.93
0.33 0.82 0.05 0.85
0.55 0.83 0.15 0.79
0.53 0.00 0.84 0.85
0.92 0.31 0.00 0.77
0.11 0.80 0.51 0.76
0.74 0.78 0.48 0.12
0.82 0.44 0.58 0.51
0.30 0.90 0.43 0.63
0.71 0.48 0.14 0.93
0.97 0.96 0.37 0.16
0.96 0.87 0.00 0.53
0.85 0.00 0.96 0.96
0.46 0.47 0.37 0.19
0.91 0.85 0.32 0.72
0.28 0.56 0.22 0.58
0.45 0.32 0.88 0.16
0.80 0.68 0.75 0.43
0.63 0.11 0.59 0.24
0.64 0.59 0.77 0.48
0.25 0.72 0.44 0.71
0.85 0.47 0.90 0.42
0.32 0.88 0.80 0.26
0.43 0.69 0.51 0.89
0.00 0.04 0.71 0.46
0.72 0.11 0.89 0.00
0.89 0.47 0.24 0.52
0.05 0.00 0.00 0.97
0.38 0.10 0.67 0.90
