5
0.000000 0.470000 0.800000 0.000000
1.000000 0.530000 0.000000 0.200000
0.870000 0.000000 0.000000 0.600000
1.000000 0.140000 0.450000 1.000000
0.600000 1.000000 0.000000 0.990000

0.63 0.09 0.08 0.56
0.18 0.13 0.47 0.86
0.37 0.64 0.69 0.21
0.18 0.16 0.67 0.59
0.46 0.19 0.80 0.14
0.75 0.66 0.74 0.57
0.24 0.55 0.01 0.39
0.99 0.61 0.37 0.28
0.37 0.45 0.84 0.21
0.24 0.98 0.06 0.61
0.61 0.42 0.82 0.79
0.58 0.48 0.03 0.70
0.33 0.83 0.84 0.07
0.15 0.23 0.64 0.05
0.78 0.66 0.44 0.43
0.93 0.81 0.71 0.96
0.92 0.20 0.16 0.16
0.17 0.90 0.77 0.78
0.31 0.25 0.22 0.55
0.39 0.26 0.24 0.73
0.75 0.74 0.46 0.56
0.97 0.10 0.61 0.75
0.42 0.04 0.17 0.00
0.51 0.54 0.97 0.43
0.74 0.79 0.59 0.92
0.34 0.01 0.35 0.31
0.26 0.24 0.86 0.32
0.16 0.76 0.71 0.91
0.49 0.16 0.13 0.46
0.93 0.74 0.87 0.34
0.45 0.70 0.01 0.62
0.23 0.64 0.04 0.63
0.08 0.29 0.20 0.43
0.31 0.56 0.74 0.23
0.46 0.26 0.55 0.62
0.01 0.25 0.52 0.51
0.42 0.31 0.63 0.00
0.72 0.49 0.01 0.83
0.18 0.02 0.44 0.07
0.32 0.15 0.70 0.40
0.44 0.91 0.83 0.41
0.12 0.23 0.65 0.58
0.49 0.86 0.19 0.16
0.11 0.37 0.33 0.19
0.69 0.96 0.19 0.06
0.10 0.20 0.89 0.95
0.89 0.32 0.01 0.20
0.47 0.38 0.61 0.58
0.28 0.09 0.99 0.06
0.99 0.63 0.64 0.47
0.49 0.49 0.30 0.26
0.52 0.63 0.11 0.87
0.25 0.30 0.93 0.35
0.17 0.47 0.97 0.72
0.80 0.98 0.59 0.93
0.01 0.19 0.50 0.29
0.95 0.49 0.01 0.94
0.11 0.31 0.06 0.26
0.46 0.36 0.18 0.99
0.66 0.29 0.51 0.91
0.26 0.10 0.92 0.09
0.57 0.88 0.81 0.02
0.52 0.39 0.96 0.53
0.24 0.45 0.49 0.19
0.60 0.50 0.79 0.38
0.82 0.85 0.64 0.27
0.21 0.49 0.92 0.87
0.78 0.43 0.43 0.03
0.19 0.34 0.12 0.76
0.89 0.60 0.79 0.40
0.99 0.40 0.93 0.23
0.85 0.41 0.08 0.11
0.58 0.87 0.49 0.05
0.71 0.79 0.99 0.58
0.27 0.91 0.10 0.05
1.00 0.19 0.75 0.18
0.54 0.88 0.60 0.08
0.47 0.38 0.48 0.11
0.78 0.40 0.00 0.29
0.48 0.08 0.40 0.72
0.61 0.55 0.77 0.99
0.33 0.75 0.22 0.27
0.31 0.33 0.99 0.30
0.18 0.73 0.14 0.38
0.26 0.75 0.46 0.73
0.79 0.94 0.85 0.57
0.00 0.51 0.52 0.14
0.60 0.92 0.86 0.87
0.12 0.28 0.85 0.45
0.69 0.07 0.38 0.00
0.06 0.36 0.97 0.24
0.09 0.11 0.63 0.35
0.52 0.08 0.75 0.30
0.69 0.25 0.87 0.69
0.76 0.04 0.83 0.01
0.96 0.34 0.89 0.07
0.28 0.39 0.19 0.97
0.12 0.57 0.97 0.85
0.60 0.60 0.76 0.69
0.71 0.04 0.70 0.89
