10
0.000000 0.830000 1.000000 0.940000
0.000000 0.380000 1.000000 0.140000
0.030000 0.000000 0.380000 1.000000
0.360000 1.000000 0.000000 0.470000
0.000000 0.110000 0.800000 1.000000
0.000000 0.720000 1.000000 0.420000
0.660000 0.000000 0.300000 1.000000
0.930000 1.000000 1.000000 0.020000
0.060000 0.000000 1.000000 0.280000
0.000000 0.250000 0.020000 0.000000

0.09 0.77 0.66 0.87
0.56 0.87 0.53 0.28
0.28 0.94 0.16 0.60
0.91 0.52 0.91 0.49
0.20 1.00 0.91 0.82
0.44 0.31 0.14 0.69
0.60 0.88 0.63 0.26
0.50 0.88 0.29 0.60
0.64 0.61 0.12 0.87
0.47 0.66 0.81 0.41
0.25 0.97 0.00 0.82
0.14 0.57 0.31 0.35
0.56 0.88 0.16 0.66
0.85 0.98 0.00 0.45
0.85 0.64 0.71 0.34
0.51 1.00 0.60 0.82
0.60 0.73 0.68 0.73
0.04 0.48 0.13 0.96
0.10 0.81 0.78 0.24
0.37 0.75 0.25 0.60
0.28 0.42 0.25 0.12
0.05 0.26 0.57 0.56
0.90 0.28 0.56 0.06
0.94 0.16 0.88 0.20
0.55 0.55 0.93 0.25
0.69 0.06 0.20 0.79
0.53 0.98 0.03 0.90
0.38 0.95 0.49 0.66
0.02 0.41 0.79 0.07
0.67 0.35 0.29 0.22
0.29 0.86 0.28 0.90
0.68 0.16 0.09 0.89
0.37 0.68 0.13 0.06
0.40 1.00 0.85 0.93
0.98 0.54 0.49 0.01
0.49 0.98 0.68 0.51
0.38 0.46 0.25 0.71
0.47 0.54 0.93 0.43
0.39 0.21 0.32 0.73
0.03 0.07 0.61 0.40
0.75 0.74 0.46 0.15
0.74 0.98 0.74 0.37
0.51 0.22 0.38 0.66
0.87 0.05 0.17 0.24
0.17 0.08 0.62 0.65
0.62 0.54 0.74 0.68
0.41 0.05 0.40 0.10
0.79 0.68 0.51 0.53
0.41 0.63 0.34 0.81
0.26 0.75 0.84 0.78
0.97 0.89 0.09 0.83
0.60 0.93 0.74 0.78
0.00 0.35 0.08 0.29
0.55 0.82 0.63 0.63
0.53 0.02 0.73 0.98
0.36 0.90 0.16 0.78
0.19 0.51 0.24 0.45
0.92 0.75 0.89 0.88
0.63 0.99 0.37 0.89
0.57 0.77 0.32 0.58
0.78 0.40 0.87 0.32
0.88 0.49 0.61 0.06
0.17 0.00 0.03 0.20
0.90 0.20 0.98 0.75
0.37 0.88 0.87 0.28
0.62 0.41 0.82 0.91
0.05 0.18 0.80 0.63
0.95 0.11 0.20 0.72
0.18 0.73 0.71 0.72
0.88 0.98 0.45 0.71
0.98 0.14 0.91 0.54
0.00 0.54 0.28 0.37
0.08 0.81 0.31 0.70
0.22 0.80 0.27 0.27
0.98 0.73 0.90 0.59
0.50 0.76 0.97 0.34
0.48 0.33 0.73 0.01
0.31 0.17 0.73 0.28
0.98 0.29 0.82 0.99
0.84 0.77 0.01 0.92
0.57 0.33 0.27 0.79
0.79 0.20 0.73 0.42
0.93 0.28 0.00 0.43
0.04 0.64 0.77 0.18
0.63 0.49 0.20 0.94
0.32 0.59 0.89 0.30
0.88 0.36 0.28 0.37
0.12 0.96 0.95 0.36
0.28 0.22 0.14 0.06
0.42 0.53 0.49 0.01
0.82 0.15 0.44 0.86
0.45 0.87 0.70 0.08
0.02 0.90 0.68 0.34
0.14 0.22 0.30 0.02
0.59 0.24 0.05 0.37
0.20 0.00 0.73 0.14
0.89 0.54 0.88 0.30
0.06 0.02 0.31 0.88
0.84 0.41 0.39 0.29
0.28 0.09 0.03 0.97
0.65 0.37 0.30 0.80
0.60 0.27 0.48 0.18
0.51 0.53 0.55 0.37
0.53 0.95 0.52 0.41
0.48 0.05 0.38 0.54
0.07 0.35 0.08 0.91
0.77 0.13 0.86 0.71
0.89 0.55 0.67 0.54
0.93 0.63 1.00 0.18
0.56 0.47 0.02 0.74
0.66 0.57 0.10 0.86
0.17 0.28 0.26 0.65
0.33 0.30 0.86 0.40
0.32 0.94 0.98 0.08
0.73 0.49 0.45 0.62
0.71 0.78 0.82 0.63
0.06 0.81 0.47 0.63
0.94 0.49 0.02 0.59
0.72 0.12 0.44 0.90
0.41 0.37 0.54 0.40
0.67 0.39 0.47 0.65
0.99 0.44 0.73 0.72
0.59 0.84 0.33 0.29
0.27 0.81 0.58 0.34
0.61 0.04 0.63 0.54
0.53 0.65 0.12 0.25
0.43 0.23 0.14 0.50
0.60 0.68 0.91 0.93
0.74 0.37 0.58 0.72
0.47 0.97 0.09 0.72
0.47 0.08 0.01 0.74
0.89 0.59 0.74 0.49
0.30 0.36 0.69 0.83
0.67 0.48 0.74 0.10
0.71 0.88 0.60 0.30
0.22 0.16 0.89 0.62
0.53 0.12 0.33 0.66
0.09 0.09 0.38 0.56
0.17 0.39 0.29 0.06
0.64 0.70 0.21 0.94
0.05 0.91 0.43 0.39
0.38 0.16 0.49 0.08
0.71 0.75 0.04 0.59
0.58 0.59 0.20 0.10
0.72 0.19 0.43 0.81
0.28 0.81 0.02 0.46
0.86 0.98 0.18 0.49
0.67 0.39 0.09 0.39
0.29 0.18 0.78 0.33
0.34 0.93 0.07 0.71
0.33 0.11 0.29 0.91
0.71 0.49 0.68 0.08
0.69 0.10 0.89 0.97
0.91 0.57 0.08 0.76
0.54 0.26 0.91 0.21
0.66 1.00 0.60 0.61
0.84 0.03 0.95 0.18
0.96 0.01 0.55 0.95
0.80 0.85 0.86 0.16
0.33 0.53 0.24 0.68
0.63 0.79 0.65 0.53
0.35 0.73 0.95 0.89
0.66 0.85 0.76 0.98
0.51 0.01 0.58 0.34
0.04 0.18 0.18 0.66
0.87 0.74 0.61 0.32
0.58 0.12 0.48 0.57
0.65 0.38 0.25 0.27
0.16 0.90 0.46 0.17
0.28 0.40 0.05 0.60
0.91 0.48 0.57 0.41
0.49 0.82 0.76 0.20
1.00 0.60 0.86 0.52
0.33 0.12 0.84 0.91
0.24 0.98 0.48 0.55
0.01 0.73 0.48 0.84
0.28 0.94 0.00 0.22
1.00 0.73 0.83 0.57
0.20 0.39 0.98 0.35
0.20 0.39 0.55 0.87
1.00 0.07 0.04 0.99
0.86 0.55 0.90 0.10
0.18 0.03 0.31 0.20
0.42 0.80 0.03 0.36
0.73 0.71 0.58 0.39
0.43 0.06 0.96 0.29
0.46 0.59 0.64 0.32
0.65 0.86 0.85 0.64
0.93 0.90 0.28 0.78
0.44 0.84 0.54 0.62
0.87 0.86 0.48 0.95
0.65 0.18 0.30 0.03
0.89 0.55 0.42 0.98
0.61 0.03 0.93 0.06
0.63 0.56 0.05 0.27
0.41 0.90 0.57 1.00
0.79 0.85 0.78 0.89
0.69 0.31 0.17 0.21
0.83 0.65 0.16 0.47
0.83 0.12 0.51 0.37
0.67 0.59 0.34 0.28
0.29 0.26 0.00 0.58
0.49 0.05 0.85 0.56
0.62 0.07 0.56 0.06
0.58 1.00 0.96 0.93
0.30 0.12 0.14 0.80
0.43 0.97 0.26 0.26
0.08 0.43 0.63 0.42
0.69 0.64 0.70 0.98
0.56 0.36 0.55 0.04
0.42 0.05 0.27 0.70
0.79 0.83 0.76 0.36
0.82 0.37 0.29 0.78
0.15 0.09 0.57 0.59
0.72 0.50 0.85 0.46
0.93 0.47 0.88 0.61
0.77 0.23 0.24 0.33
0.60 0.45 0.03 0.68
0.50 0.30 0.37 0.28
0.12 0.79 0.31 0.60
0.16 0.26 0.38 0.31
0.01 0.61 0.90 0.73
0.10 0.40 0.18 0.70
0.54 0.73 0.30 0.30
0.62 0.21 0.63 0.21
0.66 0.67 0.55 0.16
0.97 0.58 0.10 0.76
0.03 0.07 0.35 0.19
0.33 0.39 0.16 0.34
0.00 0.73 0.06 0.10
0.12 0.92 0.80 0.66
0.64 0.77 0.97 0.25
0.64 0.25 0.13 0.29
0.58 0.34 0.11 0.55
0.59 0.89 0.97 0.62
0.96 0.31 0.47 0.29
0.37 0.63 0.63 0.37
0.01 0.36 0.13 0.14
0.27 0.60 0.46 0.57
0.02 0.08 0.48 0.66
0.34 0.27 0.95 0.92
0.62 0.73 0.12 0.20
0.61 0.08 0.48 0.56
0.06 0.95 0.85 0.43
0.23 0.14 0.46 0.25
0.16 0.59 0.39 0.09
0.18 0.51 0.66 0.20
0.60 0.80 0.52 0.60
0.07 0.47 0.51 0.69
0.86 0.30 0.55 0.46
0.04 0.02 0.68 0.10
0.97 0.19 0.19 0.19
0.33 0.65 0.44 0.15
0.91 0.49 0.24 0.75
0.00 0.56 0.62 0.26
0.35 0.13 0.86 0.42
0.26 0.02 0.77 0.11
0.32 0.31 0.23 0.37
1.00 0.92 0.13 0.96
0.10 1.00 0.82 0.09
0.30 0.92 0.24 0.20
0.07 0.48 0.62 0.07
0.03 0.23 1.00 0.04
0.36 0.85 0.47 0.29
0.87 0.23 0.06 0.86
0.21 0.30 0.89 0.20
0.21 0.01 0.83 0.98
0.67 0.64 0.06 0.98
0.55 0.97 0.84 0.62
0.44 0.45 0.35 0.13
0.68 0.34 0.17 0.71
0.85 0.30 0.66 0.38
0.20 0.72 0.23 0.41
0.01 0.11 0.27 0.89
0.79 0.09 0.52 0.46
0.73 0.58 0.43 0.95
0.54 0.26 0.22 0.64
0.38 0.24 0.43 0.05
0.24 0.27 0.42 0.09
0.57 0.07 0.47 0.77
0.80 0.36 0.84 0.47
0.47 0.11 0.02 0.25
0.20 0.54 0.37 0.60
0.79 0.80 0.54 0.99
0.73 0.42 0.29 0.77
0.66 0.72 0.48 0.91
0.99 0.91 0.66 0.22
0.64 0.79 0.65 0.09
0.14 0.49 0.23 0.27
0.26 0.25 0.52 0.46
0.45 0.56 0.72 0.23
0.01 0.92 0.89 0.40
0.34 0.17 0.16 1.00
0.89 0.65 0.56 0.54
0.55 0.21 0.76 0.85
1.00 0.06 0.95 0.13
0.55 0.17 0.40 0.81
0.08 0.59 0.94 0.53
0.14 0.65 0.43 0.15
0.57 0.31 0.56 0.91
0.48 0.38 0.56 0.02
0.02 0.12 0.56 0.57
1.00 0.98 0.08 1.00
0.04 0.02 0.79 0.25
0.86 0.86 0.73 0.94
0.10 0.66 0.46 0.24
0.30 0.55 0.05 0.53
0.86 0.27 0.09 1.00
0.66 0.32 0.02 0.34
0.10 0.24 0.58 0.09
0.89 0.66 0.75 0.59
0.68 0.20 0.84 0.53
0.05 0.22 0.46 0.15
0.88 0.58 0.05 0.85
0.13 0.77 0.03 0.65
0.71 0.13 0.65 0.02
0.45 0.33 0.36 0.55
0.23 0.94 0.30 0.11
0.59 0.05 0.36 0.93
0.25 0.87 0.45 0.97
0.08 0.57 0.78 0.97
0.82 0.83 0.47 0.61
0.25 0.50 0.92 0.96
0.63 0.56 0.64 0.74
0.55 0.00 0.95 0.79
0.60 0.25 0.56 0.86
0.97 0.93 0.78 0.88
0.79 0.90 0.84 0.87
0.12 0.61 0.49 0.60
0.09 0.96 0.20 0.34
0.46 0.12 0.97 0.75
0.34 0.60 0.15 0.56
0.60 0.09 0.34 0.87
0.00 0.56 0.72 0.97
0.48 0.15 0.04 0.33
0.80 0.84 0.60 0.28
0.43 0.69 0.91 0.64
0.70 0.36 0.42 0.66
0.77 0.76 0.25 0.58
0.31 0.52 0.68 0.31
0.38 0.34 0.88 0.76
0.31 0.01 0.91 0.47
0.95 0.62 0.47 0.74
0.45 0.06 0.68 0.88
0.42 0.58 0.17 0.11
0.60 0.59 0.43 0.03
0.01 0.68 0.61 0.99
0.86 0.28 0.97 0.23
0.63 0.84 0.65 0.60
0.85 0.56 0.73 0.79
0.17 0.19 0.18 0.28
0.26 0.87 0.15 0.34
0.10 1.00 0.45 0.71
0.58 0.54 0.74 0.25
0.21 0.00 0.24 0.74
0.29 0.20 0.63 0.58
0.70 0.28 0.84 0.20
0.50 0.56 0.66 0.33
0.42 0.84 0.61 0.68
0.36 0.42 0.01 0.13
0.41 0.12 0.84 0.66
0.32 0.23 0.57 0.19
0.23 0.81 0.93 0.18
0.67 0.56 0.42 0.02
0.84 0.92 0.23 0.33
0.14 0.55 0.66 0.56
0.04 0.26 0.90 0.41
0.34 0.57 0.20 0.42
0.35 0.03 0.07 0.67
0.93 0.64 0.86 0.82
0.11 0.79 0.67 0.44
0.34 0.75 0.47 0.84
0.67 0.36 0.16 0.47
0.91 0.48 0.02 0.95
0.40 0.92 0.01 0.74
0.48 0.21 0.15 0.83
0.91 0.89 0.15 0.49
0.19 0.00 0.31 0.97
0.79 0.64 0.40 0.79
0.38 0.53 0.62 0.71
0.55 0.78 0.17 0.45
0.92 0.19 0.06 0.31
0.77 0.07 0.05 0.91
0.96 0.87 0.39 0.52
0.42 0.54 0.01 0.61
0.55 0.99 0.57 0.33
0.28 0.63 0.79 0.66
0.16 0.40 0.37 0.71
0.85 0.54 0.83 0.76
0.40 0.89 0.07 0.16
0.62 0.79 0.07 0.23
0.65 0.46 0.76 0.06
0.00 0.43 0.67 0.21
0.41 0.90 0.20 0.69
0.53 0.99 0.00 0.35
0.39 0.37 0.05 0.23
0.58 0.88 0.99 0.64
0.42 0.72 0.80 0.04
0.50 0.53 0.94 0.15
0.66 0.69 0.88 0.32
0.11 0.21 0.53 0.18
0.10 0.39 0.53 0.29
0.38 0.54 0.64 0.77
0.57 0.70 0.66 0.81
0.23 0.30 0.44 0.66
0.02 0.91 0.36 0.52
0.09 0.29 0.67 0.75
0.65 0.21 0.73 0.42
0.42 0.92 0.61 0.18
0.48 0.69 0.33 0.11
0.11 0.57 0.47 0.77
0.37 0.71 0.73 0.48
0.02 0.75 0.38 0.04
0.27 0.47 0.33 0.60
0.89 0.64 0.81 0.61
0.06 0.89 0.53 0.33
0.07 0.84 0.12 0.21
0.18 0.12 0.32 0.29
0.69 0.80 0.72 0.72
0.16 0.44 0.86 0.85
0.19 0.90 0.89 0.12
0.03 0.88 0.38 0.92
0.52 0.19 0.18 0.24
0.74 0.71 0.57 0.81
0.20 0.35 0.68 0.38
0.47 0.00 0.33 0.82
0.46 0.04 0.20 0.28
0.15 0.72 0.12 0.34
0.62 0.00 0.12 0.65
0.88 0.50 0.22 0.05
0.35 0.40 0.29 0.09
0.78 0.52 0.56 0.98
0.88 0.24 0.91 0.35
0.49 0.36 0.06 0.69
0.64 0.21 0.40 0.76
0.21 0.68 0.42 0.33
0.32 0.96 0.83 0.54
0.01 0.85 0.95 0.97
0.94 0.72 0.49 0.15
0.35 0.02 0.39 0.37
0.02 0.96 0.39 0.51
0.31 0.45 0.86 0.61
0.66 0.93 0.02 0.87
0.60 0.44 0.86 0.93
0.40 0.68 0.12 0.07
0.52 0.73 0.03 0.11
0.10 0.52 0.27 0.46
0.54 0.32 0.49 0.23
0.28 0.88 0.40 0.25
0.32 0.26 0.53 0.98
0.18 0.55 0.50 0.44
0.66 0.35 0.36 0.05
0.70 0.15 0.79 0.88
0.88 0.82 1.00 0.99
0.34 0.93 0.44 0.54
0.91 0.59 0.43 0.85
0.47 0.84 0.10 0.79
0.76 0.63 0.43 0.60
0.84 0.59 0.03 0.49
0.95 0.06 0.20 0.64
0.21 0.99 0.51 0.08
0.81 0.16 0.73 0.81
0.75 0.83 0.00 0.66
0.42 0.44 0.50 0.89
0.94 0.26 0.33 0.35
0.89 0.42 0.95 0.39
0.01 0.64 0.88 0.96
0.70 0.08 0.25 0.91
0.73 0.42 0.66 0.53
0.25 0.38 1.00 1.00
0.21 0.67 0.65 0.29
0.77 0.82 0.84 0.70
0.07 0.16 0.71 0.63
0.59 0.65 0.01 0.26
0.28 0.55 0.88 0.99
0.63 0.12 0.55 0.02
0.20 0.87 0.21 0.45
0.25 0.21 0.11 0.12
0.88 0.42 0.07 0.64
0.23 0.91 1.00 0.98
0.73 0.70 0.60 0.31
0.00 0.27 0.23 0.28
0.82 0.10 0.93 0.11
0.89 0.14 0.13 0.09
0.00 0.34 0.20 0.92
0.21 0.31 0.03 0.75
0.74 0.77 0.04 0.63
0.67 0.03 0.60 0.40
0.39 0.86 0.37 0.39
0.12 0.61 0.34 0.61
0.37 0.93 0.72 0.26
0.06 0.51 0.35 0.07
0.51 0.21 0.99 0.73
0.53 0.69 0.13 0.93
0.45 0.18 0.55 0.79
0.88 0.15 0.18 0.27
0.67 0.55 0.32 0.80
0.82 0.32 0.40 0.19
0.25 0.78 0.45 0.31
0.28 0.46 0.04 0.45
0.33 0.70 0.84 0.86
0.04 0.98 0.44 0.49
0.82 1.00 0.94 0.69
0.81 0.11 0.62 0.47
0.33 0.95 0.93 0.14
0.93 0.32 1.00 0.17
0.76 0.10 0.49 0.03
0.22 0.19 0.15 0.56
0.89 0.99 0.07 0.93
0.96 0.52 0.08 0.77
0.51 0.01 0.12 0.98
0.80 0.74 0.44 0.12
0.34 0.37 0.93 0.27
0.35 0.59 0.44 0.11
0.69 0.59 0.81 0.92
0.45 0.96 0.47 1.00
0.95 0.54 0.93 0.56
0.05 0.67 0.33 0.22
0.34 0.11 0.19 0.80
0.85 0.30 0.58 0.86
0.67 0.51 0.12 0.68
0.09 0.22 0.79 0.44
0.48 0.60 0.35 0.93
0.55 0.48 0.92 0.15
0.02 0.50 0.72 0.74
0.83 0.71 0.97 0.84
0.82 0.82 0.63 0.32
0.11 0.21 0.17 0.44
0.38 0.96 0.12 0.47
0.85 0.57 0.57 0.32
0.16 0.93 0.91 0.38
0.40 0.48 0.19 0.08
0.65 0.91 0.83 0.47
0.27 0.45 0.30 0.75
0.93 0.60 0.07 0.04
0.81 0.91 0.14 0.18
0.87 0.93 0.31 0.37
0.50 0.88 0.69 0.32
0.46 0.25 0.36 0.87
0.73 0.56 0.61 0.37
0.12 0.09 0.51 0.40
0.54 0.47 0.14 0.47
0.06 0.88 0.17 0.53
0.79 0.98 0.71 0.31
0.91 0.68 0.68 0.40
0.56 0.02 0.72 0.01
0.27 0.08 0.54 0.66
0.30 0.15 0.70 0.42
0.91 0.87 0.82 0.45
0.33 0.63 0.58 0.06
0.50 0.41 0.59 0.95
0.38 0.30 0.25 0.95
0.98 0.93 0.34 0.19
0.95 0.73 0.88 0.88
0.47 0.41 0.20 0.77
0.22 0.90 0.18 0.13
0.76 0.67 0.24 0.75
0.96 0.48 0.81 0.45
0.55 0.06 0.06 0.59
0.36 0.31 0.54 1.00
0.91 0.88 0.86 0.85
0.26 0.73 0.39 0.73
0.80 0.59 0.49 0.69
0.14 0.34 0.48 0.90
0.30 0.96 0.86 0.78
0.06 0.06 0.84 0.12
0.65 0.86 0.10 0.18
0.85 0.00 0.73 0.36
0.51 0.99 0.08 0.90
0.72 0.55 0.14 0.87
0.23 0.28 0.20 0.37
0.84 0.20 0.75 0.14
0.82 0.26 0.92 0.55
0.32 0.75 0.33 0.97
0.60 0.09 0.82 0.10
0.09 0.54 0.13 0.61
0.52 0.88 0.16 0.90
0.42 0.98 0.77 0.31
0.25 0.97 0.68 0.76
0.84 0.42 0.90 0.31
0.68 0.47 0.52 0.66
0.88 0.52 0.63 0.13
0.61 0.44 0.23 0.71
0.64 0.02 0.98 0.82
0.91 0.80 0.72 0.32
0.77 0.14 0.30 0.69
0.77 0.98 0.44 0.26
0.40 0.33 0.24 0.74
0.46 0.76 0.40 0.33
0.27 0.69 0.46 0.89
0.79 0.35 0.25 0.42
0.38 0.89 0.90 0.28
0.68 0.27 0.26 0.11
0.41 0.56 0.80 0.85
0.20 0.23 0.10 0.26
0.22 0.34 1.00 0.68
0.77 0.05 0.67 0.03
0.74 0.79 0.58 0.18
0.13 0.49 0.26 0.17
0.37 0.16 0.11 0.72
0.43 0.04 0.83 0.51
0.60 0.28 0.35 0.80
0.51 0.11 0.72 0.39
0.12 0.72 0.73 0.89
0.43 0.05 0.92 0.84
0.84 0.16 0.01 0.63
0.65 0.28 0.81 0.02
0.10 0.58 0.74 0.19
0.62 0.22 0.36 0.89
0.50 0.37 0.34 0.67
0.49 0.06 0.72 0.61
0.78 0.44 0.15 0.87
0.49 0.06 0.70 0.99
0.89 0.38 0.61 0.54
0.32 0.07 0.22 0.42
0.66 0.62 0.27 0.27
0.84 0.64 0.15 1.00
0.00 0.50 0.66 0.15
0.56 0.03 0.42 1.00
0.47 0.57 0.52 0.62
0.30 0.22 0.60 0.18
0.60 0.87 0.72 0.92
0.95 0.94 1.00 0.60
0.55 0.26 0.53 0.04
0.56 0.69 0.03 0.57
0.85 0.35 0.38 0.06
0.38 0.81 0.72 0.51
0.03 0.23 0.12 0.33
0.45 0.38 0.18 0.71
0.25 0.56 0.62 0.19
0.50 0.27 0.45 0.71
0.54 0.98 0.42 0.76
0.32 0.11 0.47 0.37
0.89 0.51 0.84 0.60
0.02 0.53 0.84 0.81
0.87 0.95 0.86 0.71
0.66 0.77 0.26 0.94
0.96 0.42 0.21 0.06
0.80 0.41 0.03 0.21
0.16 0.02 0.32 0.15
0.85 0.45 0.18 0.74
0.97 0.01 0.33 0.65
0.54 0.83 0.11 0.06
0.78 0.63 0.77 0.09
0.39 0.03 0.69 0.00
0.11 0.56 0.06 0.91
0.97 0.77 0.11 0.80
0.79 0.10 0.61 0.29
0.55 0.79 0.02 0.17
0.46 0.02 0.48 0.66
0.85 0.26 0.73 0.28
0.89 0.15 0.03 0.28
0.85 0.73 0.28 0.97
0.28 0.01 0.87 0.92
0.44 0.99 0.37 0.89
0.75 0.98 0.17 0.29
0.42 0.20 0.13 0.88
0.89 0.61 0.53 0.73
0.53 0.92 0.68 0.42
0.07 0.71 0.36 0.92
0.09 0.30 0.54 0.04
0.31 0.41 0.62 0.41
0.05 0.99 0.29 0.80
0.62 0.47 0.75 0.03
0.33 0.88 0.91 0.88
0.15 0.09 0.60 0.68
0.01 0.94 0.76 0.08
0.31 0.11 0.66 0.40
0.42 0.87 0.44 0.39
0.27 0.05 0.81 0.99
0.70 0.76 0.44 0.31
0.89 0.18 0.34 0.88
0.73 0.24 0.75 0.88
0.00 0.35 0.21 0.01
0.95 0.98 0.76 0.25
0.75 0.07 0.66 0.16
0.94 0.76 0.22 0.87
0.82 0.02 0.85 0.51
0.44 0.28 0.49 0.33
0.13 0.83 0.20 0.86
0.74 0.96 0.73 0.74
0.97 0.60 0.75 0.91
0.57 0.16 0.83 0.99
0.23 0.48 0.14 0.17
0.23 0.02 0.70 0.71
0.71 0.55 0.89 0.15
0.49 0.37 0.48 0.62
0.86 0.68 0.47 0.59
0.29 0.86 0.32 0.25
0.46 0.73 0.83 0.69
0.89 0.65 0.67 0.12
0.79 0.48 0.96 0.68
0.50 0.65 0.05 0.21
0.86 0.60 0.02 0.35
0.63 0.50 0.63 0.48
0.84 0.77 0.07 0.80
0.62 0.05 0.04 0.74
0.79 0.53 0.09 0.67
0.84 0.42 0.45 0.62
0.90 0.06 0.30 0.06
0.38 0.01 0.94 0.23
0.61 0.96 0.24 0.23
0.11 0.88 0.71 0.95
0.64 0.44 0.74 0.92
0.50 0.45 0.66 0.95
0.64 0.41 0.27 0.48
0.83 0.73 0.76 0.39
0.45 0.05 0.45 0.83
0.06 0.04 0.06 0.33
0.66 0.30 0.56 0.77
0.84 0.27 0.37 0.13
0.37 0.78 0.72 0.87
0.22 0.37 0.81 0.52
0.44 0.08 1.00 0.26
0.47 0.76 0.65 0.92
0.47 0.76 0.80 0.47
0.53 0.11 0.43 0.76
0.88 0.94 0.69 0.25
0.06 0.05 0.02 0.78
0.93 0.91 0.81 0.39
0.42 0.24 0.13 0.08
0.17 0.60 0.50 0.82
0.18 0.63 0.24 0.93
0.83 0.70 0.05 0.02
0.82 0.48 0.44 0.69
0.41 0.12 0.60 0.14
0.17 0.28 0.92 0.76
0.85 0.39 0.82 0.94
0.29 0.95 0.01 0.46
0.21 0.17 0.28 0.39
0.80 0.52 0.98 0.29
0.88 0.02 0.98 0.69
0.16 0.41 0.04 0.58
0.53 0.64 0.72 0.36
0.59 0.29 0.79 0.43
0.68 0.60 0.36 0.98
0.54 0.03 0.09 0.41
0.20 0.37 0.80 0.67
0.55 0.43 0.96 0.43
0.11 0.93 0.78 0.28
1.00 0.82 0.52 0.18
0.12 0.23 0.20 0.71
0.18 0.99 0.13 0.53
0.58 0.50 0.16 0.79
0.53 0.25 0.19 0.40
0.63 0.66 0.06 0.84
0.75 0.68 0.93 0.87
0.26 0.71 0.14 0.25
0.18 0.66 0.43 0.30
0.55 0.63 0.00 0.39
0.28 0.14 0.92 0.86
0.30 0.07 0.30 0.49
0.33 0.16 0.89 0.62
0.48 0.61 0.45 0.22
0.28 0.04 0.75 0.54
0.41 0.55 0.79 0.59
0.87 0.88 0.90 0.41
0.17 0.56 0.81 0.45
0.70 0.72 0.97 0.66
0.46 0.94 0.15 0.79
0.76 0.70 0.40 0.23
0.31 0.51 0.11 0.25
0.21 0.87 0.46 0.62
0.41 0.91 0.88 0.28
0.79 0.43 0.35 0.62
0.99 0.82 0.73 0.35
0.20 0.69 0.00 0.66
0.28 0.82 0.10 0.03
0.52 0.50 0.93 0.49
0.67 0.04 0.40 0.89
0.57 0.86 0.16 0.64
0.77 0.70 0.58 0.21
0.12 0.60 0.83 0.11
0.41 0.55 0.46 0.27
0.90 0.12 0.59 0.85
0.95 0.69 0.88 0.12
0.85 0.81 0.27 0.52
0.51 0.33 0.06 0.74
0.19 0.89 0.37 0.62
0.59 0.96 0.83 0.71
0.55 0.31 0.48 0.62
0.86 0.60 0.90 0.41
0.73 0.48 0.25 0.33
0.84 0.80 0.11 0.68
0.60 0.04 0.86 0.77
0.37 0.58 0.50 0.22
0.47 0.53 0.84 0.72
0.14 0.66 0.42 0.69
0.97 0.57 0.98 0.48
0.16 0.53 0.56 0.89
0.67 0.81 0.88 0.50
0.60 0.99 0.18 0.86
0.69 0.70 0.28 0.06
0.28 0.78 0.28 0.75
0.98 0.12 0.12 0.11
0.44 0.20 0.47 0.07
0.77 0.44 0.55 0.94
0.63 0.10 0.48 0.29
0.58 0.02 0.80 0.84
0.00 0.64 0.36 0.36
0.33 0.64 0.42 0.27
0.08 0.36 0.01 0.05
0.14 0.13 0.16 0.59
0.34 0.63 0.66 0.77
0.73 0.87 0.70 0.35
0.64 0.85 0.65 0.21
0.87 0.10 0.71 0.53
0.40 0.06 0.89 0.39
0.37 0.97 0.67 0.45
0.33 0.34 0.16 0.47
0.14 0.32 0.05 0.14
0.62 0.37 0.91 0.34
0.91 0.27 0.36 0.54
0.11 0.67 0.41 0.64
0.77 0.11 0.83 0.83
0.85 0.72 0.88 0.21
0.68 0.54 0.66 0.67
0.55 0.82 0.14 0.69
0.80 0.86 0.49 0.07
0.90 0.39 0.42 0.80
0.32 0.44 0.33 0.09
0.10 0.40 0.73 0.53
0.51 0.56 0.35 0.35
0.94 0.89 0.56 0.27
0.43 0.88 0.95 0.64
0.35 0.75 0.32 0.82
0.60 0.81 0.89 0.49
0.86 0.97 0.28 0.85
0.40 0.27 0.94 0.50
0.67 0.33 0.02 0.85
0.55 0.03 0.86 0.14
0.93 0.42 0.41 0.01
0.96 0.01 0.65 0.98
0.76 0.63 0.79 0.36
0.09 0.67 0.51 0.61
0.64 0.46 0.45 0.70
0.39 0.05 0.87 0.06
0.38 0.55 0.57 0.59
0.59 0.42 0.73 0.17
0.50 0.13 0.85 0.46
0.15 0.15 0.43 0.57
0.78 0.88 0.59 0.53
0.54 0.10 0.13 0.84
0.22 0.25 0.20 0.61
0.30 0.06 0.33 0.34
0.61 0.90 0.93 0.86
0.99 0.65 0.69 0.48
0.44 0.19 0.60 0.25
0.34 0.69 0.83 0.78
0.56 0.41 0.30 0.77
0.17 0.10 0.26 0.05
0.01 0.46 0.67 0.31
0.52 0.66 0.65 0.80
0.22 0.23 0.31 0.20
0.88 0.00 0.68 0.31
0.19 0.28 0.23 0.54
0.97 0.05 0.98 0.19
0.12 0.28 0.96 0.97
0.04 0.21 0.01 0.05
0.68 0.68 0.02 0.86
0.00 0.33 0.31 0.22
0.56 0.63 0.42 0.43
0.63 0.09 0.40 0.48
0.03 0.63 0.68 0.67
0.34 0.66 0.86 0.47
0.60 0.81 0.09 0.64
0.01 0.10 0.35 0.35
0.45 0.37 0.88 0.45
0.70 0.18 0.67 0.25
0.47 0.75 0.34 0.76
0.84 0.40 0.24 0.54
0.03 0.58 0.20 0.03
0.23 0.05 0.16 0.83
0.52 0.25 0.12 0.19
0.36 0.47 0.55 0.47
0.84 0.08 0.92 0.53
0.93 0.24 0.44 0.40
0.99 0.78 0.82 0.48
0.18 0.05 0.01 0.88
0.30 0.88 0.57 0.53
0.59 0.74 0.02 0.10
0.65 0.14 0.30 0.67
0.28 0.51 0.13 0.11
0.25 0.04 0.31 0.17
0.95 0.41 0.23 0.93
0.86 0.05 0.07 0.70
0.77 0.08 0.57 0.06
0.63 0.13 0.26 0.21
0.53 0.28 0.99 0.18
0.08 0.28 0.85 0.36
0.45 0.99 0.14 0.70
0.69 0.11 0.53 0.64
0.52 0.77 0.22 0.03
0.48 0.29 0.73 0.24
0.04 0.29 0.98 0.67
0.09 0.23 0.54 0.28
0.51 0.52 0.12 0.59
0.46 0.98 0.96 0.57
0.62 0.76 0.26 0.97
0.87 0.80 0.26 0.04
0.22 0.49 0.08 0.70
0.44 0.81 0.60 0.48
0.77 0.57 0.81 0.52
0.80 0.35 0.46 0.30
0.53 0.59 0.56 0.66
0.22 0.17 0.22 0.84
0.93 0.15 0.80 0.45
0.61 0.73 0.49 0.83
0.21 0.23 0.18 0.65
0.04 0.78 0.80 0.47
0.35 0.26 0.65 0.14
0.27 0.10 0.11 0.81
0.69 0.67 0.12 0.91
0.84 0.34 0.40 0.42
0.15 0.87 0.87 0.76
0.59 0.01 0.24 0.46
0.25 0.42 0.77 0.29
0.87 0.56 0.42 0.21
0.83 0.06 0.01 0.09
0.16 0.12 0.56 0.52
0.79 0.34 0.42 0.28
0.35 0.49 0.70 0.50
0.35 0.22 0.93 0.94
0.24 0.16 0.05 0.49
0.25 0.82 0.44 0.78
0.04 0.86 0.99 0.53
0.58 1.00 0.28 0.74
0.79 0.85 0.25 0.23
0.18 0.34 0.18 0.19
0.83 0.88 0.70 0.17
0.77 0.62 0.77 0.00
0.44 0.82 0.49 0.35
0.63 0.59 0.12 0.33
0.44 0.77 0.86 0.01
0.43 0.14 0.41 0.21
0.65 0.33 0.44 0.49
0.67 0.28 0.69 0.15
0.83 0.38 0.32 0.59
0.66 0.75 0.59 0.09
0.22 0.74 0.11 0.51
0.99 0.23 0.85 0.08
0.00 0.70 0.76 0.43
0.84 0.16 0.30 0.14
0.49 0.40 0.64 0.82
0.69 0.32 0.97 0.51
0.36 0.95 0.09 0.01
0.35 0.34 0.77 0.57
0.74 0.88 0.08 0.72
0.78 0.59 0.80 0.78
0.28 0.55 0.87 0.79
0.71 0.16 0.93 0.87
0.56 0.22 0.34 0.91
0.54 0.31 0.41 0.90
0.92 0.16 0.57 0.27
0.50 0.34 0.50 0.23
0.88 0.58 0.95 0.65
0.83 0.40 0.42 0.11
0.95 0.95 0.56 0.32
0.77 0.14 0.85 1.00
0.37 0.18 0.90 0.57
0.15 0.31 0.47 0.74
0.47 0.70 0.00 0.64
0.03 0.16 0.87 0.92
0.41 0.48 0.22 0.23
0.88 0.31 0.00 0.49
0.25 0.56 0.81 0.02
0.37 0.31 0.01 0.74
0.49 0.91 0.30 0.31
0.88 0.43 0.04 0.01
0.13 0.71 0.65 0.83
0.87 0.17 0.40 0.94
0.65 0.63 0.17 0.19
0.94 0.17 0.68 0.85
0.40 0.14 0.53 0.77
0.45 0.20 0.16 0.94
0.78 0.46 0.91 0.65
0.56 0.61 0.66 0.35
0.31 0.97 0.17 0.85
0.14 0.24 0.78 0.79
0.53 0.61 0.64 0.12
0.79 0.31 0.97 0.85
0.45 0.16 0.61 0.90
0.36 0.43 0.50 0.13
0.89 0.40 0.79 0.10
0.01 0.10 0.45 0.99
0.74 0.29 0.49 0.88
0.53 0.94 0.32 0.05
0.54 0.97 0.17 0.99
0.94 0.80 0.83 0.39
0.96 0.09 0.95 0.32
0.52 0.10 0.45 0.07
0.17 0.90 0.17 0.85
0.67 0.29 0.83 0.06
0.58 0.99 0.94 0.77
0.92 0.92 0.48 0.11
0.54 0.31 0.10 0.48
0.77 0.93 0.53 0.73
0.69 0.13 0.71 0.20
0.24 0.82 0.94 0.41
0.38 0.11 0.25 0.04
